0 0.499000 0.488500 0.948000 0.847000
1 0.068500 0.486500 0.087000 0.843000
1 0.138500 0.486500 0.053000 0.843000
1 0.250500 0.487500 0.065000 0.845000
1 0.365500 0.487500 0.065000 0.845000
1 0.470000 0.487500 0.070000 0.845000
1 0.552500 0.487500 0.055000 0.845000
1 0.649000 0.487500 0.062000 0.845000
1 0.752500 0.487500 0.065000 0.845000
1 0.861500 0.487500 0.053000 0.845000
1 0.930500 0.487500 0.085000 0.845000
2 0.499000 0.213000 0.948000 0.070000
2 0.499000 0.495000 0.948000 0.070000
2 0.499000 0.770000 0.948000 0.070000
13 0.750000 0.615000 0.012000 0.012000
